2	00:41:58.264	Custom indicator Laguerre-ACS1 USDJPY.,H4: removed
2	00:41:58.267	Custom indicator MACD USDJPY.,H4: removed
2	00:41:58.378	Custom indicator Laguerre-ACS1 EURJPY.,H4: removed
2	00:41:58.380	Custom indicator MACD EURJPY.,H4: removed
2	00:41:58.468	Custom indicator Laguerre-ACS1 EURUSD.,H4: removed
2	00:41:58.470	Custom indicator MACD EURUSD.,H4: removed
2	00:41:58.481	Custom indicator Laguerre-ACS1 GBPUSD.,H4: removed
2	00:41:58.484	Custom indicator MACD GBPUSD.,H4: removed
2	00:41:58.568	Custom indicator Laguerre-ACS1 GBPJPY.,H4: removed
2	00:41:58.570	Custom indicator MACD GBPJPY.,H4: removed
2	00:41:58.648	Custom indicator Laguerre-ACS1 JP225,H4: removed
2	00:41:58.650	Custom indicator MACD JP225,H4: removed
2	00:41:58.692	Custom indicator Laguerre-ACS1 NDX100,H1: removed
2	00:41:58.695	Custom indicator MACD NDX100,H1: removed
2	00:41:58.698	Custom indicator Laguerre-ACS1 SPX500,H4: removed
2	00:41:58.701	Custom indicator MACD SPX500,H4: removed
2	00:41:58.705	Custom indicator Laguerre-ACS1 A50,Daily: removed
2	00:41:58.721	Custom indicator MACD A50,Daily: removed
2	00:41:58.724	Custom indicator Laguerre-ACS1 XAUUSD.,H1: removed
2	00:41:58.727	Custom indicator MACD XAUUSD.,H1: removed
2	00:41:58.733	Custom indicator Laguerre-ACS1 US_OIL,Daily: removed
2	00:41:58.736	Custom indicator MACD US_OIL,Daily: removed
0	00:41:59.080	FX Trader build 1170 stopped
0	22:44:58.089	FX Trader build 1170 started (Performance Ronnaru Capital Ltd.)
0	22:44:58.089	Windows 10 Home x64, IE 11, UAC, 8 x Intel Core i7-6700HQ  @ 2.60GHz, Memory: 21715 / 32639 Mb, Disk: 146 / 264 Gb, GMT+9
0	22:44:58.089	Data Folder: C:\Users\tiany\AppData\Roaming\MetaQuotes\Terminal\79214103E7A6FC97F86082D309D0B84B
2	22:45:01.042	Custom indicator 小鱼\Laguerre-ACS1 USDJPY.,H4: loaded successfully
2	22:45:01.062	Custom indicator MACD USDJPY.,H4: loaded successfully
2	22:45:01.233	Custom indicator 小鱼\Laguerre-ACS1 EURJPY.,H4: loaded successfully
2	22:45:01.253	Custom indicator MACD EURJPY.,H4: loaded successfully
2	22:45:01.417	Custom indicator 小鱼\Laguerre-ACS1 EURUSD.,H4: loaded successfully
2	22:45:01.433	Custom indicator MACD EURUSD.,H4: loaded successfully
2	22:45:01.615	Custom indicator 小鱼\Laguerre-ACS1 GBPUSD.,H4: loaded successfully
2	22:45:01.633	Custom indicator MACD GBPUSD.,H4: loaded successfully
2	22:45:01.817	Custom indicator 小鱼\Laguerre-ACS1 GBPJPY.,H4: loaded successfully
2	22:45:01.837	Custom indicator MACD GBPJPY.,H4: loaded successfully
2	22:45:02.038	Custom indicator 小鱼\Laguerre-ACS1 JP225,H4: loaded successfully
2	22:45:02.059	Custom indicator MACD JP225,H4: loaded successfully
2	22:45:02.331	Custom indicator 小鱼\Laguerre-ACS1 NDX100,H1: loaded successfully
2	22:45:02.349	Custom indicator MACD NDX100,H1: loaded successfully
2	22:45:02.532	Custom indicator 小鱼\Laguerre-ACS1 SPX500,H4: loaded successfully
2	22:45:02.553	Custom indicator MACD SPX500,H4: loaded successfully
2	22:45:02.774	Custom indicator 小鱼\Laguerre-ACS1 A50,Daily: loaded successfully
2	22:45:02.794	Custom indicator MACD A50,Daily: loaded successfully
2	22:45:02.976	Custom indicator 小鱼\Laguerre-ACS1 XAUUSD.,H1: loaded successfully
2	22:45:02.996	Custom indicator MACD XAUUSD.,H1: loaded successfully
2	22:45:03.167	Custom indicator 小鱼\Laguerre-ACS1 US_OIL,Daily: loaded successfully
2	22:45:03.177	Custom indicator MACD US_OIL,Daily: loaded successfully
0	22:45:04.599	'120010550': login on PRC-Live through Server 3 (ping: 52.26 ms)
0	22:45:05.322	'120010550': login datacenter on PRC-Live through Server 3 (ping: 52.26 ms)
0	22:45:05.635	'120010550': previous successful authorization performed from 106.181.125.112
0	22:45:22.831	'120010550': ping to current access point Server 3 is 40.48 ms
